111111111111111111111111111111111111111111111111111111111111
011111111111111111111111111111111111111111111111111111111110
001111111111111111111111111111111111111111111111111111111100
000111111111111111111111111111111111111111111111111111111000
000011111111111111111111111111111111111111111111111111110000
000001011111111111111000111111111111111111111111111111100000
000000001111111111000000001111111111111111111111111111000000
000000000111111110000000000111111111111111111111111110000000
000000000011111100000000000011111111111111111111111100000000
000000000000100000000000000000111111111111111111111000000000
000000000000000000000000000000011111111111111111110000000000
000000000000000000000000000000001101111111101111100000000000
000000000000000000000000000000000000111111000111000000000000
000000000000000000000000000000000000011110000010000000000000
000000000000000000000000000000000000001100000000000000000000
000000000000000000000000000000000000000000000000000000000000
000000000000000000000000000000000000000000000000000000000000
000000000000000000000000000000000000000000000000000000000000
000000000000000000000000000000000000000000000000000000000000
000000000000000000000000000000000000000000000000000000000000
000000000000000000000000000000000000000000000000000000000000
000000000000000000000000000000000000000000000000000000000000
000000000000000000000000000000000000000000000000000000000000
000000000000000000000000000000000000000000000000000000000000
000000000000000000000000000000000000000000000000000000000000
000000000000000000000000000000000000000000000000000000000000
000000000000000000000000000000000000000000000000000000000000
000000000000000000000000000000000000000000000000000000000000
000000000000000000000000000000000000000000000000000000000000
000000000000000000000000000000000000000000000000000000000000
